[TITLE]
JASIEN

[JUNCTIONS]
;ID   Elev   Demand
;------------------
1 0 0
2 0 0
3 0 0
4 0 0
5 0 0
6 0 0
7 0 0
8 0 0
9 0 0
10 0 0
11 0 0
12 0 0
13 0 0
14 0 0
15 0 0
16 0 0
17 0 0
18 0 0
19 0 0
20 0 0
21 0 0
22 0 0
23 0 0
24 0 0
25 0 0
26 0 0
27 0 0
28 0 0
29 0 0
30 0 0
31 0 0
32 0 0
33 0 0
34 0 0
35 0 0
36 0 0
37 0 0
38 0 0
39 0 0
40 0 0
41 0 0
42 0 0
43 0 0
44 0 0
45 0 0
46 0 0
47 0 0
48 0 0
49 0 0
50 0 0
51 0 0
52 0 0
53 0 0
54 0 0
55 0 0
56 0 0
57 0 0
58 0 0
59 0 0
60 0 0
61 0 0
62 0 0
63 0 0
64 0 0
65 0 0
66 0 0
67 0 0
68 0 0
69 0 0
70 0 0
71 0 0
72 0 0
73 0 0
74 0 0
75 0 0
76 0 0
77 0 0
78 0 0
79 0 0
80 0 0
81 0 0
82 0 0
83 0 0
84 0 0
85 0 0
86 0 0
87 0 0
88 0 0
89 0 0
90 0 0
91 0 0
92 0 0
93 0 0
94 0 0
95 0 0
96 0 0
97 0 0
98 0 0
99 0 0
100 0 0
101 0 0
102 0 0
103 0 0
104 0 0
105 0 0
106 0 0
107 0 0
108 0 0
109 0 0
110 0 0
111 0 0
112 0 0
113 0 0
114 0 0
115 0 0
116 0 0
117 0 0
118 0 0
119 0 0
120 0 0
121 0 0
122 0 0
123 0 0
124 0 0
125 0 0
126 0 0
127 0 0
128 0 0
129 0 0
130 0 0
131 0 0
132 0 0
133 0 0
134 0 0
135 0 0
136 0 0
137 0 0
138 0 0
139 0 0
140 0 0
141 0 0
142 0 0
143 0 0
144 0 0
145 0 0
146 0 0
147 0 0
148 0 0
149 0 0
150 0 0
151 0 0
152 0 0
153 0 0
154 0 0
155 0 0
156 0 0
157 0 0
158 0 0
159 0 0
160 0 0
161 0 0
162 0 0
163 0 0
164 0 0
165 0 0
166 0 0
167 0 0
168 0 0
169 0 0
170 0 0
171 0 0
172 0 0
173 0 0
174 0 0
175 0 0
176 0 0
177 0 0
178 0 0
179 0 0
180 0 0
181 0 0
182 0 0
183 0 0
184 0 0
185 0 0
186 0 0
187 0 0
188 0 0
189 0 0
190 0 0
191 0 0
192 0 0
193 0 0
194 0 0
195 0 0
196 0 0
197 0 0
198 0 0
199 0 0
200 0 0
201 0 0
202 0 0
203 0 0
204 0 0
205 0 0
206 0 0
207 0 0
208 0 0
209 0 0
210 0 0
211 0 0
212 0 0
213 0 0
214 0 0
215 0 0
216 0 0
217 0 0
218 0 0
219 0 0
220 0 0
221 0 0
222 0 0
223 0 0
224 0 0
225 0 0
226 0 0
227 0 0
228 0 0
229 0 0
230 0 0
231 0 0
232 0 0
233 0 0
234 0 0
235 0 0
236 0 0
237 0 0
238 0 0
239 0 0
240 0 0
241 0 0
242 0 0
243 0 0
244 0 0
245 0 0
246 0 0
247 0 0
248 0 0
249 0 0
250 0 0
251 0 0
252 0 0
253 0 0
254 0 0
255 0 0
256 0 0
257 0 0
258 0 0
259 0 0
260 0 0
261 0 0
262 0 0
263 0 0
264 0 0
265 0 0
266 0 0
267 0 0
268 0 0
269 0 0
270 0 0
271 0 0
272 0 0
273 0 0
274 0 0
275 0 0
276 0 0
277 0 0
278 0 0
279 0 0
280 0 0
281 0 0
282 0 0
283 0 0
284 0 0
285 0 0
286 0 0
287 0 0
288 0 0
289 0 0
290 0 0
291 0 0
292 0 0
293 0 0
294 0 0
295 0 0
296 0 0
297 0 0
298 0 0
299 0 0
300 0 0
301 0 0
302 0 0
303 0 0
304 0 0
305 0 0
306 0 0
307 0 0
308 0 0
309 0 0
310 0 0
311 0 0
312 0 0
313 0 0
314 0 0
315 0 0
316 0 0
317 0 0
318 0 0
319 0 0
320 0 0
321 0 0
322 0 0
323 0 0
324 0 0
325 0 0
326 0 0
327 0 0
328 0 0
329 0 0
330 0 0
331 0 0
332 0 0
333 0 0
334 0 0
335 0 0
336 0 0
337 0 0
338 0 0
339 0 0
340 0 0
341 0 0
342 0 0
343 0 0
344 0 0
345 0 0
346 0 0
347 0 0
348 0 0
349 0 0
350 0 0
351 0 0
352 0 0
353 0 0
354 0 0
355 0 0
356 0 0
357 0 0
358 0 0
359 0 0
360 0 0
361 0 0
362 0 0
363 0 0
364 0 0
365 0 0
366 0 0
367 0 0
368 0 0
369 0 0
370 0 0
371 0 0
372 0 0
373 0 0
374 0 0
375 0 0
376 0 0
377 0 0
378 0 0
379 0 0
380 0 0
381 0 0
382 0 0
383 0 0
384 0 0
385 0 0
386 0 0
387 0 0
388 0 0
389 0 0
390 0 0
391 0 0
392 0 0
393 0 0
394 0 0
395 0 0
396 0 0
397 0 0
398 0 0
399 0 0
400 0 0
401 0 0
402 0 0
403 0 0
404 0 0
405 0 0
406 0 0
407 0 0
408 0 0
409 0 0
410 0 0
411 0 0
412 0 0
413 0 0
414 0 0
415 0 0
416 0 0
417 0 0
418 0 0
419 0 0
420 0 0
421 0 0
422 0 0
423 0 0
424 0 0
425 0 0
426 0 0
427 0 0
428 0 0
429 0 0
430 0 0
431 0 0
432 0 0
433 0 0
434 0 0
435 0 0
436 0 0
437 0 0
438 0 0
439 0 0
440 0 0
441 0 0
442 0 0
443 0 0
444 0 0
445 0 0
446 0 0
447 0 0
448 0 0
449 0 0
450 0 0
451 0 0
452 0 0
453 0 0
454 0 0
455 0 0
456 0 0
457 0 0
458 0 0
459 0 0
460 0 0
461 0 0
462 0 0
463 0 0
464 0 0
465 0 0
466 0 0
467 0 0
468 0 0
469 0 0
470 0 0
471 0 0
472 0 0
473 0 0
474 0 0
475 0 0
476 0 0
477 0 0
478 0 0
479 0 0
480 0 0
481 0 0
482 0 0
483 0 0
484 0 0
485 0 0
486 0 0
487 0 0
488 0 0
489 0 0
490 0 0
491 0 0
492 0 0
493 0 0
494 0 0
495 0 0
496 0 0
497 0 0
498 0 0
499 0 0
500 0 0
501 0 0
502 0 0
503 0 0
504 0 0
505 0 0
506 0 0
507 0 0
508 0 0
509 0 0
510 0 0
511 0 0
512 0 0
513 0 0
514 0 0
515 0 0
516 0 0
517 0 0
518 0 0
519 0 0
520 0 0
521 0 0
522 0 0
523 0 0
524 0 0
525 0 0
526 0 0
527 0 0
528 0 0
529 0 0
530 0 0
531 0 0
532 0 0
533 0 0
534 0 0
535 0 0
536 0 0
537 0 0
538 0 0
539 0 0
540 0 0
541 0 0
542 0 0
543 0 0
544 0 0
545 0 0
546 0 0
547 0 0
548 0 0
549 0 0
550 0 0
551 0 0
552 0 0
553 0 0
554 0 0
555 0 0
556 0 0
557 0 0
558 0 0
559 0 0
560 0 0
561 0 0
562 0 0
563 0 0
564 0 0
565 0 0
566 0 0
567 0 0
568 0 0
569 0 0
570 0 0
571 0 0
572 0 0
573 0 0
574 0 0
575 0 0
576 0 0
577 0 0
578 0 0
579 0 0
580 0 0
581 0 0
582 0 0
583 0 0
584 0 0
585 0 0
586 0 0
587 0 0
588 0 0
589 0 0
590 0 0
591 0 0
592 0 0
593 0 0
594 0 0
595 0 0
596 0 0
597 0 0
598 0 0
599 0 0
600 0 0
601 0 0
602 0 0
603 0 0
604 0 0
605 0 0
606 0 0
607 0 0
608 0 0
609 0 0
610 0 0
611 0 0
612 0 0
613 0 0
614 0 0
615 0 0
616 0 0
617 0 0
618 0 0
619 0 0
620 0 0
621 0 0
622 0 0
623 0 0
624 0 0
625 0 0
626 0 0
627 0 0
628 0 0
629 0 0
630 0 0
631 0 0
632 0 0
633 0 0
634 0 0
635 0 0
636 0 0
637 0 0
638 0 0
639 0 0
640 0 0
641 0 0
642 0 0
643 0 0
644 0 0
645 0 0
646 0 0
647 0 0
648 0 0
649 0 0
650 0 0
651 0 0
652 0 0
653 0 0
654 0 0
655 0 0
656 0 0
657 0 0
658 0 0
659 0 0
660 0 0
661 0 0
662 0 0
663 0 0
664 0 0
665 0 0
666 0 0
667 0 0
668 0 0
669 0 0
670 0 0
671 0 0
672 0 0
673 0 0
674 0 0
675 0 0
676 0 0
677 0 0
678 0 0
679 0 0
680 0 0
681 0 0
682 0 0
683 0 0
684 0 0
685 0 0
686 0 0
687 0 0
688 0 0
689 0 0
690 0 0
691 0 0
692 0 0
693 0 0
694 0 0
695 0 0
696 0 0
697 0 0
698 0 0
699 0 0
700 0 0
701 0 0
702 0 0
703 0 0
704 0 0
705 0 0
706 0 0
707 0 0
708 0 0
709 0 0
710 0 0
711 0 0
712 0 0
713 0 0
714 0 0
715 0 0
716 0 0
717 0 0
718 0 0
719 0 0
720 0 0
721 0 0
722 0 0
723 0 0
724 0 0
725 0 0
726 0 0
727 0 0
728 0 0
729 0 0
730 0 0
731 0 0
732 0 0
733 0 0
734 0 0
735 0 0
736 0 0
737 0 0
738 0 0
739 0 0
740 0 0
741 0 0
742 0 0
743 0 0
744 0 0
745 0 0
746 0 0
747 0 0
748 0 0
749 0 0
750 0 0
751 0 0
752 0 0
753 0 0
754 0 0
755 0 0
756 0 0
757 0 0
758 0 0
759 0 0
760 0 0
761 0 0
762 0 0
763 0 0
764 0 0
765 0 0
766 0 0
767 0 0
768 0 0
769 0 0
770 0 0
771 0 0
772 0 0
773 0 0
774 0 0
775 0 0
776 0 0
777 0 0
778 0 0
779 0 0
780 0 0
781 0 0
782 0 0
783 0 0
784 0 0
785 0 0
786 0 0
787 0 0
788 0 0
789 0 0
790 0 0
791 0 0
792 0 0
793 0 0
794 0 0
795 0 0
796 0 0
797 0 0
798 0 0
799 0 0
800 0 0
801 0 0
802 0 0
803 0 0
804 0 0
805 0 0
806 0 0
807 0 0
808 0 0
809 0 0
810 0 0
811 0 0
812 0 0
813 0 0
814 0 0
815 0 0
816 0 0
817 0 0
818 0 0
819 0 0
820 0 0
821 0 0
822 0 0
823 0 0
824 0 0
825 0 0
826 0 0
827 0 0
828 0 0
829 0 0
830 0 0
831 0 0
832 0 0
833 0 0
834 0 0
835 0 0
836 0 0
837 0 0
838 0 0
839 0 0
840 0 0
841 0 0
842 0 0
843 0 0
844 0 0
845 0 0
846 0 0
847 0 0
848 0 0
849 0 0
850 0 0
851 0 0
852 0 0
853 0 0
854 0 0
855 0 0
856 0 0
857 0 0
858 0 0
859 0 0
860 0 0
861 0 0
862 0 0
863 0 0
864 0 0
865 0 0
866 0 0
867 0 0
868 0 0
869 0 0
870 0 0
871 0 0
872 0 0
873 0 0
874 0 0
875 0 0
876 0 0
877 0 0
878 0 0
879 0 0
880 0 0
881 0 0
882 0 0
883 0 0
884 0 0
885 0 0
886 0 0
887 0 0
888 0 0
889 0 0
890 0 0
891 0 0
892 0 0
893 0 0
894 0 0
895 0 0
896 0 0
897 0 0
898 0 0
899 0 0
900 0 0
901 0 0
902 0 0
903 0 0
904 0 0
905 0 0
906 0 0
907 0 0
908 0 0
909 0 0
910 0 0
911 0 0
912 0 0
913 0 0
914 0 0
915 0 0
916 0 0
917 0 0
918 0 0
919 0 0
920 0 0
921 0 0
922 0 0
923 0 0
924 0 0
925 0 0
926 0 0
927 0 0
928 0 0
929 0 0
930 0 0
931 0 0
932 0 0
933 0 0
934 0 0
935 0 0
936 0 0
937 0 0
938 0 0
939 0 0
940 0 0
941 0 0
942 0 0
943 0 0
944 0 0
945 0 0
946 0 0
947 0 0
948 0 0
949 0 0
950 0 0
951 0 0
952 0 0
953 0 0
954 0 0
955 0 0
956 0 0
957 0 0
958 0 0
959 0 0
960 0 0
961 0 0
962 0 0
963 0 0
964 0 0
965 0 0
966 0 0
967 0 0
968 0 0
969 0 0
970 0 0
971 0 0
972 0 0
973 0 0
974 0 0
975 0 0
976 0 0
977 0 0
978 0 0
979 0 0
980 0 0
981 0 0
982 0 0
983 0 0
984 0 0
985 0 0
986 0 0
987 0 0
988 0 0
989 0 0
990 0 0
991 0 0
992 0 0
993 0 0
994 0 0
995 0 0
996 0 0
997 0 0
998 0 0
999 0 0
1000 0 0
1001 0 0
1002 0 0
1003 0 0
1004 0 0
1005 0 0
1006 0 0
1007 0 0
1008 0 0
1009 0 0
1010 0 0
1011 0 0
1012 0 0
1013 0 0
1014 0 0
1015 0 0
1016 0 0
1017 0 0
1018 0 0
1019 0 0
1020 0 0
1021 0 0
1022 0 0
1023 0 0
1024 0 0
1025 0 0
1026 0 0
1027 0 0
1028 0 0
1029 0 0
1030 0 0
1031 0 0
1032 0 0
1033 0 0
1034 0 0
1035 0 0
1036 0 0
1037 0 0
1038 0 0
1039 0 0
1040 0 0
1041 0 0
1042 0 0
1043 0 0
1044 0 0
1045 0 0
1046 0 0
1047 0 0
1048 0 0
1049 0 0
1050 0 0
1051 0 0
1052 0 0
1053 0 0
1054 0 0
1055 0 0
1056 0 0
1057 0 0
1058 0 0
1059 0 0
1060 0 0
1061 0 0
1062 0 0
1063 0 0
1064 0 0
1065 0 0
1066 0 0
1067 0 0
1068 0 0
1069 0 0
1070 0 0
1071 0 0
1072 0 0
1073 0 0
1074 0 0
1075 0 0
1076 0 0
1077 0 0
1078 0 0
1079 0 0
1080 0 0
1081 0 0
1082 0 0
1083 0 0
1084 0 0
1085 0 0
1086 0 0
1087 0 0
1088 0 0
1089 0 0
1090 0 0
1091 0 0
1092 0 0
1093 0 0
1094 0 0
1095 0 0
1096 0 0
1097 0 0
1098 0 0
1099 0 0
1100 0 0
1101 0 0
1102 0 0
1103 0 0
1104 0 0
1105 0 0
1106 0 0
1107 0 0
1108 0 0
1109 0 0
1110 0 0
1111 0 0
1112 0 0
1113 0 0
1114 0 0
1115 0 0
1116 0 0
1117 0 0
1118 0 0
1119 0 0
1120 0 0
1121 0 0
1122 0 0
1123 0 0
1124 0 0
1125 0 0
1126 0 0
1127 0 0
1128 0 0
1129 0 0
1130 0 0
1131 0 0
1132 0 0
1133 0 0
1134 0 0
1135 0 0
1136 0 0
1137 0 0
1138 0 0
1139 0 0
1140 0 0
1141 0 0
1142 0 0
1143 0 0
1144 0 0
1145 0 0
1146 0 0
1147 0 0
1148 0 0
1149 0 0
1150 0 0
1151 0 0
1152 0 0
1153 0 0
1154 0 0
1155 0 0
1156 0 0
1157 0 0
1158 0 0
1159 0 0
1160 0 0
1161 0 0
1162 0 0
1163 0 0
1164 0 0
1165 0 0
1166 0 0
1167 0 0
1168 0 0
1169 0 0
1170 0 0
1171 0 0
1172 0 0
1173 0 0
1174 0 0
1175 0 0
1176 0 0
1177 0 0
1178 0 0
1179 0 0
1180 0 0
1181 0 0
1182 0 0
1183 0 0
1184 0 0
1185 0 0
1186 0 0
1187 0 0
1188 0 0
1189 0 0
1190 0 0
1191 0 0
1192 0 0
1193 0 0
1194 0 0
1195 0 0
1196 0 0
1197 0 0
1198 0 0
1199 0 0
1200 0 0
1201 0 0
1202 0 0
1203 0 0
1204 0 0
1205 0 0
1206 0 0
1207 0 0
1208 0 0
1209 0 0
1210 0 0
1211 0 0
1212 0 0
1213 0 0
1214 0 0
1215 0 0
1216 0 0
1217 0 0
1218 0 0
1219 0 0
1220 0 0
1221 0 0
1222 0 0
1223 0 0
1224 0 0
1225 0 0
1226 0 0
1227 0 0
1228 0 0
1229 0 0
1230 0 0
1231 0 0
1232 0 0
1233 0 0
1234 0 0
1235 0 0
1236 0 0
1237 0 0
1238 0 0
1239 0 0
1240 0 0
1241 0 0
1242 0 0
1243 0 0
1244 0 0
1245 0 0
1246 0 0
1247 0 0
1248 0 0
1249 0 0
1250 0 0
1251 0 0
1252 0 0
1253 0 0
1254 0 0
1255 0 0
1256 0 0
1257 0 0
1258 0 0
1259 0 0
1260 0 0
1261 0 0
1262 0 0
1263 0 0
1264 0 0
1265 0 0
1266 0 0
1267 0 0
1268 0 0
1269 0 0
1270 0 0
1271 0 0
1272 0 0
1273 0 0
1274 0 0
1275 0 0
1276 0 0
1277 0 0
1278 0 0
1279 0 0
1280 0 0
1281 0 0
1282 0 0
1283 0 0
1284 0 0
1285 0 0
1286 0 0
1287 0 0
1288 0 0
1289 0 0
1290 0 0
1291 0 0
1292 0 0
1293 0 0
1294 0 0
1295 0 0
1296 0 0
1297 0 0
1298 0 0
1299 0 0
1300 0 0
1301 0 0
1302 0 0
1303 0 0
1304 0 0
1305 0 0
1306 0 0
1307 0 0
1308 0 0
1309 0 0
1310 0 0
1311 0 0
1312 0 0
1313 0 0
1314 0 0
1315 0 0
1316 0 0
1317 0 0
1318 0 0
1319 0 0
1320 0 0
1321 0 0
1322 0 0
1323 0 0
1324 0 0
1325 0 0
1326 0 0
1327 0 0
1328 0 0
1329 0 0
1330 0 0
1331 0 0
1332 0 0
1333 0 0
1334 0 0
1335 0 0
1336 0 0
1337 0 0
1338 0 0
1339 0 0
1340 0 0
1341 0 0
1342 0 0
1343 0 0
1344 0 0
1345 0 0
1346 0 0
1347 0 0
1348 0 0
1349 0 0
1350 0 0
1351 0 0
1352 0 0
1353 0 0
1354 0 0
1355 0 0
1356 0 0
1357 0 0
1358 0 0
1359 0 0
1360 0 0
1361 0 0
1362 0 0
1363 0 0
1364 0 0
1365 0 0
1366 0 0
1367 0 0
1368 0 0
1369 0 0
1370 0 0
1371 0 0
1372 0 0
1373 0 0
1374 0 0
1375 0 0
1376 0 0
1377 0 0
1378 0 0
1379 0 0
1380 0 0
1381 0 0
1382 0 0
1383 0 0
1384 0 0
1385 0 0
1386 0 0
1387 0 0
1388 0 0
1389 0 0
1390 0 0
1391 0 0
1392 0 0
1393 0 0
1394 0 0
1395 0 0
1396 0 0
1397 0 0
1398 0 0
1399 0 0
1400 0 0
1401 0 0
1402 0 0
1403 0 0
1404 0 0
1405 0 0
1406 0 0
1407 0 0
1408 0 0
1409 0 0
1410 0 0
1411 0 0
1412 0 0
1413 0 0
1414 0 0
1415 0 0
1416 0 0
1417 0 0
1418 0 0
1419 0 0
1420 0 0
1421 0 0
1422 0 0
1423 0 0
1424 0 0
1425 0 0
1426 0 0
1427 0 0
1428 0 0
1429 0 0
1430 0 0
1431 0 0
1432 0 0
1433 0 0
1434 0 0
1435 0 0
1436 0 0
1437 0 0
1438 0 0
1439 0 0
1440 0 0
1441 0 0
1442 0 0
1443 0 0
1444 0 0
1445 0 0
1446 0 0
1447 0 0
1448 0 0
1449 0 0
1450 0 0
1451 0 0
1452 0 0
1453 0 0
1454 0 0
1455 0 0
1456 0 0
1457 0 0
1458 0 0
1459 0 0
1460 0 0
1461 0 0
1462 0 0
1463 0 0
1464 0 0
1465 0 0
1466 0 0
1467 0 0
1468 0 0
1469 0 0
1470 0 0
1471 0 0
1472 0 0
1473 0 0
1474 0 0
1475 0 0
1476 0 0
1477 0 0
1478 0 0
1479 0 0
1480 0 0
1481 0 0
1482 0 0
1483 0 0
1484 0 0
1485 0 0
1486 0 0
1487 0 0
1488 0 0
1489 0 0
1490 0 0
1491 0 0
1492 0 0
1493 0 0
1494 0 0
1495 0 0
1496 0 0
1497 0 0

[PIPES]
;ID  Node1  Node2  Length  Diam  Roughness
;-----------------------------------------
1 1 859 30.818958147988404 110.0 100
2 2 860 1.7359860948792847 nan 100
3 3 861 43.706975878885245 40.0 100
4 4 862 22.728564961708745 40.0 100
5 5 863 10.785861586019768 40.0 100
6 6 864 57.60218910992205 110.0 100
7 7 865 0.49979995971342767 110.0 100
8 8 866 233.8590685039988 50.0 100
9 9 867 103.20674221809868 50.0 100
10 10 868 61.413170046326 110.0 100
11 11 869 32.187109257433086 90.0 100
12 12 46 149.76387283487884 nan 100
13 13 870 27.73618933276197 40.0 100
14 14 871 101.43807174485147 80.0 100
15 15 872 5.911454976750771 40.0 100
16 16 873 57.087671429749705 40.0 100
17 17 378 379.09773837476325 100.0 100
18 18 492 75.04166208584213 100.0 100
19 19 874 55.021291030087966 110.0 100
20 20 875 10.564060269866916 40.0 100
21 21 876 4.714575813387997 40.0 100
22 22 877 5.876393448411557 32.0 100
23 23 400 157.47840309860663 100.0 100
24 24 878 41.164054103821194 40.0 100
25 25 879 187.32446632552762 100.0 100
26 26 880 42.195530839170644 40.0 100
27 27 381 131.6139578276199 80.0 100
28 28 881 86.0567640725665 40.0 100
29 29 882 75.91916169776755 40.0 100
30 30 883 11.741162623093011 40.0 100
31 31 884 13.445832060669725 40.0 100
32 32 885 183.7222658025297 25.0 100
33 33 886 47.75997423373797 40.0 100
34 34 887 157.7131623274466 110.0 100
35 35 888 5.550441419845213 40.0 100
36 36 889 27.96650692139566 40.0 100
37 37 890 7.743616719833784 nan 100
38 38 891 1.6933835490072773 90.0 100
39 39 458 41.04184651645604 50.0 100
40 40 273 130.9798070252782 40.0 100
41 41 892 71.730155008525 110.0 100
42 42 893 25.11299728263875 32.0 100
43 43 894 36.500483449440644 40.0 100
44 44 895 175.58912593747098 80.0 100
45 45 896 20.334358773857954 40.0 100
46 46 897 269.09159422233336 nan 100
47 47 898 3.0912942236799363 40.0 100
48 48 899 30.736654309198954 90.0 100
49 49 900 62.42257754177146 110.0 100
50 50 403 39.436489172145244 90.0 100
51 51 901 139.7162916440003 90.0 100
52 52 53 62.78639472535473 40.0 100
53 53 902 27.452625190492526 32.0 100
54 54 903 25.155330380523562 80.0 100
55 55 904 18.535745403748564 32.0 100
56 56 905 40.255444463990116 40.0 100
57 57 906 72.41273580484619 40.0 100
58 58 487 35.85310134191154 32.0 100
59 59 392 32.506348517234585 63.0 100
60 60 743 58.18717571737632 63.0 100
61 61 907 43.48609276130295 40.0 100
62 62 908 5.499203536377601 32.0 100
63 63 909 11.905314600285662 32.0 100
64 64 910 19.607176293030697 nan 100
65 65 911 27.89264038028749 40.0 100
66 66 912 23.50564225793096 40.0 100
67 67 913 55.2961878692212 32.0 100
68 68 914 19.582437758597827 32.0 100
69 69 402 40.337491758206255 90.0 100
70 70 915 38.77685490239827 40.0 100
71 71 916 27.90756468155069 32.0 100
72 72 917 17.4258087485823 32.0 100
73 73 918 32.00856022001079 40.0 100
74 74 504 113.41410731270224 50.0 100
75 75 919 16.62245015754667 40.0 100
76 76 920 2.476664603619041 32.0 100
77 77 921 22.908198258113494 40.0 100
78 78 79 3.443631800986508 40.0 100
79 79 922 1.9046118799702167 40.0 100
80 78 923 85.62982654487621 63.0 100
81 38 513 82.0779944655524 nan 100
82 80 924 30.367266326320973 40.0 100
83 81 925 26.983941928389555 40.0 100
84 82 823 46.138910348232685 110.0 100
85 83 926 19.633274142593827 32.0 100
86 84 522 0.7424284477950501 nan 100
87 85 485 71.23208145374694 40.0 100
88 86 927 16.71398778190428 nan 100
89 87 89 27.559343572117136 40.0 100
90 88 928 10.185831434274181 32.0 100
91 89 826 2.8969454613034182 nan 100
92 90 929 7.366339173472726 40.0 100
93 91 93 0.8633433261228206 90.0 100
94 92 93 41.21327742340431 90.0 100
95 93 930 175.53020888705123 90.0 100
96 94 463 14.263573139452841 90.0 100
97 95 931 16.963680908075588 32.0 100
98 96 107 0.9803060736508633 90.0 100
99 97 932 25.008773942770475 40.0 100
100 98 933 46.332253510533 32.0 100
101 99 934 36.66138979745386 40.0 100
102 100 479 30.638998398307102 40.0 100
103 101 320 53.658023506906325 32.0 100
104 102 935 19.82859380314046 40.0 100
105 103 936 31.182786533927416 40.0 100
106 104 937 68.38929172689522 32.0 100
107 105 938 36.58549900781645 32.0 100
108 106 151 21.100624525329216 40.0 100
109 107 401 114.13520797648785 90.0 100
110 108 939 11.24473226414529 32.0 100
111 109 940 5.4508994640366435 32.0 100
112 110 941 46.58418193882375 32.0 100
113 111 942 7.784527731645252 nan 100
114 112 943 18.594874693862312 40.0 100
115 113 112 46.93253774272452 40.0 100
116 114 89 175.46855409659543 110.0 100
117 115 114 1.0308864377721119 nan 100
118 116 406 1.0140671372229388 110.0 100
119 117 406 151.68112752244232 110.0 100
120 118 117 1.9642559013982448 110.0 100
121 119 117 120.94244753278413 110.0 100
122 120 944 74.26524215070468 32.0 100
123 121 120 3.4610405917333145 32.0 100
124 122 120 57.57532341862246 63.0 100
125 123 945 6.481078785968116 32.0 100
126 124 946 67.55313359442218 32.0 100
127 125 947 30.633466045362198 40.0 100
128 126 948 5.426735971994635 32.0 100
129 127 949 35.11921623806756 40.0 100
130 128 950 37.79570967234484 32.0 100
131 129 951 20.13361000849759 40.0 100
132 130 952 29.435461494046685 40.0 100
133 131 442 17.26953113927167 63.0 100
134 132 131 9.645104034737178 63.0 100
135 133 517 3.0063375713415414 32.0 100
136 134 953 71.59916745729458 50.0 100
137 135 446 109.85894485978119 63.0 100
138 135 954 7.685876128483784 32.0 100
139 136 955 27.773248154866927 32.0 100
140 137 956 72.27654280490178 40.0 100
141 138 957 5.121893439309001 nan 100
142 139 957 9.057935769760007 nan 100
143 140 958 23.42291405454671 40.0 100
144 141 959 10.15945895771448 40.0 100
145 142 152 11.236609098180587 90.0 100
146 143 960 24.274854221463897 40.0 100
147 144 961 6.237063446491856 32.0 100
148 145 962 14.681291494808544 32.0 100
149 146 963 26.716680590563247 32.0 100
150 147 964 18.014075090098885 32.0 100
151 148 965 29.626756267149528 40.0 100
152 149 966 4.693667786928953 40.0 100
153 150 149 199.35764736501778 90.0 100
154 151 149 18.509021728862734 90.0 100
155 152 385 21.03274495959288 90.0 100
156 153 967 32.75225066386484 40.0 100
157 154 968 6.596904334892898 40.0 100
158 155 969 15.53154893539635 32.0 100
159 156 970 5.5788576999677515 32.0 100
160 157 772 17.5252586715824 40.0 100
161 157 401 1.8295345896486028 40.0 100
162 158 678 34.2532295051777 40.0 100
163 159 678 15.441939153418685 40.0 100
164 160 303 12.927328051877883 40.0 100
165 161 971 23.05718043442982 32.0 100
166 162 972 25.472329599324404 40.0 100
167 163 973 27.114486820832134 40.0 100
168 164 974 35.81774460969774 40.0 100
169 165 975 75.80458388802903 32.0 100
170 166 471 14.613977170675957 40.0 100
171 167 976 7.6993700670082665 32.0 100
172 168 251 100.48616821509782 40.0 100
173 169 977 208.92161394881884 40.0 100
174 170 977 19.32504626945266 40.0 100
175 171 977 13.684912145904033 40.0 100
176 172 978 41.69415745939187 32.0 100
177 38 649 19.5588930179619 nan 100
178 173 979 24.04006045715279 nan 100
179 174 980 51.887123577918615 40.0 100
180 175 981 23.14568023988177 32.0 100
181 176 982 0.35855195991723277 40.0 100
182 177 983 34.26934554662694 32.0 100
183 178 984 27.129019835460706 32.0 100
184 179 985 5.735348607045688 nan 100
185 180 719 29.223624327145473 50.0 100
186 181 986 59.39003419312481 40.0 100
187 182 987 12.00829348889656 32.0 100
188 183 988 11.601592223885124 32.0 100
189 184 989 7.66776650337295 nan 100
190 185 990 7.479849431323483 40.0 100
191 186 991 18.271085689072844 32.0 100
192 187 992 27.596173124024464 40.0 100
193 188 495 10.058101248765501 32.0 100
194 189 993 14.784928762806455 40.0 100
195 190 994 22.44646805500856 nan 100
196 191 995 55.16538700594746 32.0 100
197 192 588 32.379004425556225 40.0 100
198 193 469 48.15956138488785 50.0 100
199 194 469 19.141952675217006 40.0 100
200 195 996 86.92964904732838 32.0 100
201 196 997 24.372864598814633 32.0 100
202 197 998 16.436108678384965 32.0 100
203 198 999 44.046101231533534 32.0 100
204 199 1000 18.386073719571048 32.0 100
205 200 201 19.447187618929885 40.0 100
206 201 1001 11.157378891918773 32.0 100
207 202 1002 21.016342154048267 32.0 100
208 203 51 44.98038861058902 40.0 100
209 203 1003 5.313513818506465 32.0 100
210 204 203 27.947609757774895 32.0 100
211 205 1004 50.80473036070601 32.0 100
212 206 1005 40.120677902726705 32.0 100
213 207 841 96.78362108528856 50.0 100
214 208 207 18.503729641699863 32.0 100
215 209 1006 46.13460470534499 32.0 100
216 210 355 22.501614195541826 40.0 100
217 211 357 43.09734653225361 40.0 100
218 212 376 49.151910185659254 40.0 100
219 213 1007 47.075101281037256 32.0 100
220 214 215 10.74183486356043 32.0 100
221 215 1008 4.835677540331207 32.0 100
222 216 215 13.806283313608613 32.0 100
223 217 1009 37.658429510418145 32.0 100
224 218 1010 29.61349842341339 32.0 100
225 219 1011 28.53736359270499 32.0 100
226 220 343 12.374886609529804 40.0 100
227 221 345 31.36825570352999 40.0 100
228 222 221 33.93698210925383 32.0 100
229 223 1012 59.39664501923231 32.0 100
230 224 1013 18.534106401138224 32.0 100
231 225 356 59.7367071503196 40.0 100
232 226 1014 12.636364567568778 32.0 100
233 227 1015 16.14302671294696 32.0 100
234 228 1016 18.13550237016025 nan 100
235 229 1017 60.86251780643908 40.0 100
236 230 1018 10.210392557676213 32.0 100
237 231 1019 10.941983689757233 32.0 100
238 232 1020 52.3121918805137 40.0 100
239 233 1021 19.719883822560043 32.0 100
240 234 187 3.0238404148540505 nan 100
241 235 477 27.630598960034163 nan 100
242 235 1022 37.3218410887563 20.0 100
243 236 235 28.723984892680143 20.0 100
244 237 744 31.185840770202503 nan 100
245 238 1023 0.9814917514713796 80.0 100
246 239 1024 12.402268414070804 nan 100
247 240 1025 1.1954078787822546 nan 100
248 241 1026 4.054500138098315 nan 100
249 242 1027 64.20876438482873 nan 100
250 243 1028 46.92608956778364 nan 100
251 243 1029 1.366930867807959 nan 100
252 244 1030 197.61803052492618 nan 100
253 245 1031 1.2664379677322342 32.0 100
254 246 1032 46.48181087054728 32.0 100
255 247 1033 3.326504053336448 32.0 100
256 12 1034 101.68941287740776 110.0 100
257 248 1035 28.534671819959424 32.0 100
258 249 1036 18.112423184060468 50.0 100
259 250 384 141.2381783738781 90.0 100
260 251 814 9.803668033161534 40.0 100
261 252 1037 35.25199602628733 nan 100
262 253 1038 10.777119397168176 32.0 100
263 254 1039 9.329742996076794 nan 100
264 255 318 128.0652382701829 100.0 100
265 109 1040 12.036251632197976 nan 100
266 256 1041 7.666381510231329 32.0 100
267 257 1042 8.153076573565462 20.0 100
268 258 1043 5.415633936287351 nan 100
269 259 1044 8.408669504799112 40.0 100
270 260 405 34.5358181724936 nan 100
271 261 1045 20.476650543608212 nan 100
272 262 798 9.854153971821656 nan 100
273 157 23 26.274278030065894 80.0 100
274 263 1046 10.46801724287292 nan 100
275 264 1047 9.54608882805113 nan 100
276 265 1048 20.558124227869456 nan 100
277 266 1049 7.953290464956724 nan 100
278 267 1050 48.89297488153953 nan 100
279 268 1050 78.94626917432608 nan 100
280 269 1050 61.82106351051456 nan 100
281 270 1051 23.72155120202493 nan 100
282 271 1052 4.516672562862819 nan 100
283 272 1053 7.859679740032945 nan 100
284 273 1054 137.70168250330875 40.0 100
285 274 776 33.67160395112454 40.0 100
286 274 275 9.608667764713672 40.0 100
287 275 390 4.289050540925539 40.0 100
288 276 430 25.7548592323702 nan 100
289 277 1055 19.29099557097083 nan 100
290 278 740 44.1438972099072 63.0 100
291 279 413 64.44905280245133 63.0 100
292 280 1056 24.837788937541113 40.0 100
293 281 1057 21.527096940492893 nan 100
294 282 281 39.476023735671575 nan 100
295 283 240 16.419626743600517 nan 100
296 284 163 0.2737333720039697 40.0 100
297 285 1058 21.182430410611225 nan 100
298 286 1059 10.757131648531933 nan 100
299 287 1060 17.391148385633393 25.0 100
300 288 287 39.50352155677089 25.0 100
301 289 1061 25.793946072182976 nan 100
302 290 1062 85.65413133671532 nan 100
303 291 1063 14.693759895102605 nan 100
304 292 1064 21.961479244941323 nan 100
305 293 294 4.100166386870788 nan 100
306 294 1065 2.7648045067488765 nan 100
307 295 294 17.89106733432954 nan 100
308 296 139 40.41052472240415 nan 100
309 297 540 114.2668640046008 40.0 100
310 298 1066 63.810155128094195 nan 100
311 299 1067 1.8180361153992295 nan 100
312 300 508 19.02641163922106 160.0 100
313 301 503 20.051369372648335 nan 100
314 302 1068 2.1697795160949798 40.0 100
315 303 1069 1.897670634470664 40.0 100
316 304 827 34.206920218817366 32.0 100
317 305 1070 0.996861579767149 32.0 100
318 306 1071 2.75501256966179 nan 100
319 307 506 22.86782611960068 nan 100
320 308 307 1.6525107319711747 nan 100
321 309 1072 1.6166920327211072 nan 100
322 310 518 73.49370254379687 40.0 100
323 311 1073 8.120317980386496 nan 100
324 312 1074 43.035547662868424 nan 100
325 313 74 18.470104147003983 40.0 100
326 243 1075 52.10337454596646 nan 100
327 314 1076 4.600395380034506 nan 100
328 315 1077 16.015296660682075 nan 100
329 316 1078 14.680620859038818 nan 100
330 317 1079 33.20996157000687 nan 100
331 318 1080 18.0362656286258 32.0 100
332 319 1081 8.660488294136192 nan 100
333 320 1082 22.027999923778896 40.0 100
334 321 1083 11.713272445484494 nan 100
335 322 381 46.95186487976411 nan 100
336 322 1084 0.6419217357435127 nan 100
337 323 525 178.78338010562328 90.0 100
338 323 1085 0.2089626729797691 90.0 100
339 323 532 155.36433238304392 90.0 100
340 324 532 0.2404370330112303 90.0 100
341 325 1086 26.974973988555313 50.0 100
342 325 1087 61.80174951569529 90.0 100
343 326 1088 1.061196527006245 90.0 100
344 327 1089 1.1482321854085735 90.0 100
345 328 342 1.253548320542237 90.0 100
346 329 1090 1.0792143726944956 110.0 100
347 200 329 39.78768231144381 110.0 100
348 330 200 101.99930101423371 110.0 100
349 331 330 71.64848574910206 110.0 100
350 332 341 1.1926002021577877 110.0 100
351 333 331 90.28861814524933 110.0 100
352 334 333 0.8792155177705155 110.0 100
353 330 51 129.17837912504683 90.0 100
354 335 333 137.7573889860821 110.0 100
355 335 193 114.3781335103425 90.0 100
356 193 336 11.654463249357345 90.0 100
357 336 1091 1.357248304925656 90.0 100
358 336 1092 218.84614157806766 90.0 100
359 337 335 52.6879677213753 90.0 100
360 338 337 0.8926005059497788 90.0 100
361 337 339 93.8383407287548 90.0 100
362 339 192 134.29216969544638 90.0 100
363 192 340 93.52121025458233 90.0 100
364 340 1093 0.8732865646507835 90.0 100
365 340 1094 99.36018345958833 90.0 100
366 341 1095 122.42813721461326 90.0 100
367 341 331 13.657690846247764 90.0 100
368 329 342 154.02685838816004 110.0 100
369 342 327 155.54043826877768 100.0 100
370 343 327 116.54171849558338 110.0 100
371 344 1096 22.363706346134567 32.0 100
372 326 343 44.32788157533282 110.0 100
373 345 326 91.03422812243201 110.0 100
374 346 345 164.52722609331622 110.0 100
375 347 346 1.4859779625448706 110.0 100
376 348 339 38.2868313028384 90.0 100
377 214 348 121.18728239760152 90.0 100
378 214 349 28.59057977173721 90.0 100
379 349 1097 1.0080930568210413 90.0 100
380 350 349 109.46838857756332 90.0 100
381 351 350 0.9851108748878832 90.0 100
382 350 841 85.09289162608607 90.0 100
383 352 348 15.454196070524318 110.0 100
384 353 352 1.025424023315212 110.0 100
385 354 1098 19.106566482413168 32.0 100
386 355 352 42.80189187013712 110.0 100
387 356 355 47.16586989068696 110.0 100
388 357 356 68.07536120121351 110.0 100
389 358 357 56.98591975810261 110.0 100
390 358 1099 0.7123821786090657 110.0 100
391 358 360 138.85682050606766 110.0 100
392 359 360 0.7929589256058734 110.0 100
393 360 361 96.80345828253468 110.0 100
394 361 1100 1.022030371169332 110.0 100
395 362 361 31.53561071239342 110.0 100
396 363 423 2.988060173855181 110.0 100
397 145 418 19.279629133454744 32.0 100
398 364 831 0.3041381263924242 nan 100
399 365 1101 1.1216146906868243 nan 100
400 366 1102 0.4176122598533085 nan 100
401 367 366 48.871819919776726 110.0 100
402 368 1103 1.2877004617960928 nan 100
403 369 23 64.25542866896596 100.0 100
404 370 514 50.497596248867374 50.0 100
405 371 513 6.7876213900932845 nan 100
406 372 1104 0.30083876826063755 nan 100
407 373 1105 22.542710555421657 110.0 100
408 374 416 0.26172504463027807 nan 100
409 375 537 59.507139915301934 110.0 100
410 376 482 9.360265032615285 nan 100
411 375 857 45.23009690213148 110.0 100
412 377 1106 4.919485782818608 nan 100
413 378 238 44.09514201484623 80.0 100
414 238 379 67.42986762623568 80.0 100
415 379 1107 0.31907421667715585 80.0 100
416 379 924 35.08369805953773 80.0 100
417 380 1108 0.35052903154922527 nan 100
418 27 380 1.237835891570792 32.0 100
419 27 381 131.61743756917 80.0 100
420 381 1109 57.66423038282395 40.0 100
421 382 1109 52.29976801727268 40.0 100
422 347 383 1.3708615858967326 90.0 100
423 383 1110 105.14221578381823 90.0 100
424 12 384 57.07903014498304 90.0 100
425 384 385 136.3074175466535 90.0 100
426 142 1111 92.19115625155328 90.0 100
427 385 142 13.398222480185936 90.0 100
428 386 92 159.26576095323512 110.0 100
429 387 1112 1.101801917300252 40.0 100
430 388 1113 99.74504469462637 32.0 100
431 389 1114 5.882976371106989 nan 100
432 390 391 128.6856709885568 100.0 100
433 391 1115 78.95822375298134 100.0 100
434 392 391 66.78414323814954 63.0 100
435 393 392 8.81893983548454 63.0 100
436 394 794 78.89047561849256 90.0 100
437 395 398 0.8573256273606666 nan 100
438 396 398 163.04086261233064 100.0 100
439 397 399 0.6856816470953045 nan 100
440 398 399 20.369990980993993 100.0 100
441 399 400 5.877159214124424 100.0 100
442 400 23 157.40395284737855 100.0 100
443 94 107 0.29966647914592576 90.0 100
444 401 1116 2.9786247152153855 40.0 100
445 402 463 0.31620716877869665 90.0 100
446 69 403 0.32310988812369185 90.0 100
447 403 458 39.030719965770814 90.0 100
448 94 761 40.356834122493325 90.0 100
449 404 761 31.24975677731313 90.0 100
450 404 1117 45.39329163798276 40.0 100
451 405 1118 358.79351926907395 100.0 100
452 406 114 205.0252922033271 110.0 100
453 407 751 61.4437788115712 nan 100
454 408 751 10.580297142506007 nan 100
455 409 1119 101.43049184443903 80.0 100
456 410 1120 11.995378005930718 32.0 100
457 411 774 656.2438823571046 150.0 100
458 412 411 147.51223933877372 nan 100
459 365 82 178.47068162542055 100.0 100
460 413 414 23.02082995511543 100.0 100
461 414 1121 22.46734284325045 100.0 100
462 415 92 124.20982191927556 90.0 100
463 416 414 119.15236392590208 100.0 100
464 417 828 52.97270780825251 150.0 100
465 418 366 97.8944084408154 150.0 100
466 419 461 1.212443448216822 nan 100
467 420 1122 3.2610852658096383 100.0 100
468 421 794 175.57158493034532 80.0 100
469 363 1115 33.49248539828875 nan 100
470 422 423 0.358298535566138 nan 100
471 423 421 159.0246766348359 100.0 100
472 424 785 14.905233036542393 100.0 100
473 425 1123 0.7824569759750384 80.0 100
474 426 1124 156.9721391027561 nan 100
475 407 409 59.98554597616331 150.0 100
476 427 367 93.50195268410275 150.0 100
477 428 1125 53.320409717103175 80.0 100
478 368 1126 58.382072873729406 80.0 100
479 145 412 104.15963891254964 nan 100
480 429 879 0.28231188333692925 nan 100
481 430 1127 66.27368871446023 80.0 100
482 431 1127 56.12989286940882 80.0 100
483 432 1128 107.02933859804986 100.0 100
484 433 267 72.86332728579686 100.0 100
485 434 143 52.72526316232465 40.0 100
486 435 1129 31.466892971311363 63.0 100
487 436 1130 6.638212250146728 32.0 100
488 437 119 0.7193713346097623 110.0 100
489 438 1126 81.5598027573398 150.0 100
490 405 407 167.583793464471 150.0 100
491 2 860 1.7190918263209223 nan 100
492 412 60 114.35201840465945 100.0 100
493 439 1131 125.70669400412267 32.0 100
494 440 1131 0.9713794761785782 32.0 100
495 132 441 2.7245406215863306 100.0 100
496 441 433 74.09479185940513 100.0 100
497 434 441 12.29489073389377 100.0 100
498 442 460 48.54737098454063 63.0 100
499 443 433 14.540587202101307 63.0 100
500 444 432 80.11538969067783 nan 100
501 444 1132 6.732410154631954 nan 100
502 445 1128 0.3101612470378027 110.0 100
503 445 431 0.3400000007275273 110.0 100
504 135 1133 87.40920070762816 63.0 100
505 446 369 11.64291687427568 110.0 100
506 23 262 141.14924151241536 80.0 100
507 447 262 17.290148819788758 nan 100
508 447 1134 43.349084596842935 nan 100
509 448 447 21.90818522542735 nan 100
510 449 2 38.076388733358186 50.0 100
511 450 1135 2.174050111034643 nan 100
512 451 1136 2.1506699029285476 nan 100
513 452 1137 6.5221797466173745 40.0 100
514 453 1138 19.99307156875639 40.0 100
515 82 413 0.7433034357872074 100.0 100
516 418 831 1.5477725910370936 100.0 100
517 119 386 45.078978358820606 110.0 100
518 454 1139 8.573063484341379 32.0 100
519 346 383 0.7849932623383032 40.0 100
520 383 454 20.63201836017509 40.0 100
521 455 1140 18.83019531067371 40.0 100
522 279 1141 35.88384066403855 40.0 100
523 428 1142 12.813174198124772 nan 100
524 456 457 22.888573549602004 40.0 100
525 457 1143 5.772950561519984 40.0 100
526 452 1144 19.274202220490313 nan 100
527 190 1145 2.861354426509057 nan 100
528 458 1146 35.03195494301504 63.0 100
529 459 1147 51.33885189697632 50.0 100
530 390 1148 11.325447179812585 32.0 100
531 444 1149 12.53596212003957 40.0 100
532 267 432 77.0974780500483 100.0 100
533 443 1150 45.861486629285075 32.0 100
534 460 1151 40.91730965168274 40.0 100
535 461 132 105.22793944406185 100.0 100
536 462 743 50.41170649949208 32.0 100
537 409 427 200.3036838844879 150.0 100
538 463 1152 46.72044392358496 50.0 100
539 464 255 31.681657567768703 40.0 100
540 464 1153 29.643652007055827 40.0 100
541 465 399 20.109462815226372 40.0 100
542 466 1154 1.1690552257611835 nan 100
543 255 466 48.30794109873081 100.0 100
544 466 400 93.47445897414406 100.0 100
545 467 1040 12.199273018862263 nan 100
546 468 1155 13.966819123480374 32.0 100
547 469 1156 2.0622900169409504 50.0 100
548 470 1157 77.15448649569046 40.0 100
549 471 842 89.66580838070688 50.0 100
550 472 1158 19.334374841596894 32.0 100
551 473 1159 1.308570436541847 nan 100
552 12 473 149.75963331564324 nan 100
553 473 842 269.0613207962616 nan 100
554 474 1160 28.591444302507337 40.0 100
555 475 1161 92.34343312593582 32.0 100
556 476 17 1.667723864457978 nan 100
557 477 479 67.09951515313023 100.0 100
558 17 477 25.41008927323874 100.0 100
559 478 1032 6.868118757666258 40.0 100
560 479 1032 43.41750918986642 40.0 100
561 480 1162 23.5006361450983 nan 100
562 481 1163 6.532033876883272 100.0 100
563 482 1164 0.35470811174818767 nan 100
564 483 377 4.787535897697264 40.0 100
565 484 1165 0.34655446917806204 nan 100
566 485 484 41.78944536171078 100.0 100
567 486 1166 0.3580765538942342 100.0 100
568 487 484 15.220887164867401 100.0 100
569 488 1167 23.713039328301164 32.0 100
570 489 1168 0.9573600985053733 nan 100
571 489 486 97.56833098630847 100.0 100
572 490 1169 0.4873693549441866 32.0 100
573 491 489 73.60637759071726 100.0 100
574 492 1170 0.2501999191244241 nan 100
575 491 1171 61.27983754675283 32.0 100
576 491 1172 1.6373132596806872 32.0 100
577 491 492 75.02852589151894 100.0 100
578 493 183 17.335285217036102 32.0 100
579 494 373 25.52556652886043 80.0 100
580 495 840 11.157570083078706 32.0 100
581 496 840 1.6573962415168284 32.0 100
582 497 178 1.0673203825835529 100.0 100
583 150 492 57.16733778733107 100.0 100
584 159 150 22.83050746783504 100.0 100
585 498 159 74.26816625619523 100.0 100
586 499 840 79.78111822346742 100.0 100
587 306 502 49.33893983825131 25.0 100
588 500 836 1.0955363952524761 50.0 100
589 501 505 2.7880292933492523 40.0 100
590 375 297 90.92650653142555 40.0 100
591 297 1066 28.08527282350632 40.0 100
592 502 1066 57.30549151938673 40.0 100
593 503 502 8.33818714149887 40.0 100
594 503 538 71.9180603939431 100.0 100
595 504 538 11.370982422030853 100.0 100
596 505 504 133.94120093241796 100.0 100
597 506 494 99.37547217798965 80.0 100
598 416 506 97.22458689628937 80.0 100
599 507 1173 52.25227034824767 32.0 100
600 278 505 44.63981401386637 100.0 100
601 508 1174 20.652916296798264 100.0 100
602 509 508 47.179305650041655 32.0 100
603 299 300 32.23970761241982 160.0 100
604 510 299 26.44768995649956 nan 100
605 511 512 61.13563011767992 nan 100
606 512 300 31.090807505431307 160.0 100
607 513 1175 0.9951129833144952 nan 100
608 371 514 58.2616053592088 150.0 100
609 514 830 80.84544907827343 150.0 100
610 515 684 0.4690526523379354 40.0 100
611 516 949 2.845241640289532 63.0 100
612 517 1072 67.90937328717 150.0 100
613 518 517 28.387914564213922 160.0 100
614 518 498 44.82495436080363 160.0 100
615 372 498 6.742440426078218 160.0 100
616 519 525 149.60720449880688 80.0 100
617 519 368 27.593412834445278 80.0 100
618 520 1176 59.1316486454497 25.0 100
619 372 122 190.42262656356436 160.0 100
620 521 522 44.97948951406717 80.0 100
621 522 519 26.82507709329566 80.0 100
622 523 1177 0.9459189912904199 80.0 100
623 521 523 62.69350470007348 80.0 100
624 524 521 1.8352111573853815 nan 100
625 525 526 14.33453202961425 80.0 100
626 526 1178 3.808921446403544 80.0 100
627 527 526 8.45397389303901 nan 100
628 520 1179 10.712774791640484 25.0 100
629 528 1086 16.8447637348047 50.0 100
630 529 1086 21.138964689865073 50.0 100
631 530 1180 40.64590618883261 nan 100
632 531 1181 3.057167833710833 nan 100
633 532 531 3.430465224923292 90.0 100
634 531 530 11.159623948532774 90.0 100
635 530 325 89.2918491786843 90.0 100
636 533 1010 25.45945266917115 32.0 100
637 534 1182 16.654804998059443 nan 100
638 535 1183 27.884972183577652 75.0 100
639 380 924 90.06791687803761 80.0 100
640 536 1184 20.36939442725666 nan 100
641 537 481 109.39963914085232 100.0 100
642 538 1185 0.9094472257833627 100.0 100
643 539 540 2.2508946346197027 32.0 100
644 511 513 16.941569591166488 160.0 100
645 511 512 61.03787882530657 160.0 100
646 483 1186 2.289287964296432 40.0 100
647 540 1187 17.177503421084577 32.0 100
648 541 1188 10.247576559183898 80.0 100
649 207 1189 11.357710358840315 32.0 100
650 210 1190 64.38604800964082 32.0 100
651 542 1191 7.214291420697745 nan 100
652 543 1192 56.53408343837466 40.0 100
653 225 1193 4.41059716255132 32.0 100
654 544 225 21.731314542729574 32.0 100
655 545 211 8.768264270407123 40.0 100
656 211 1194 66.81044483293651 32.0 100
657 470 1195 19.556498994826534 32.0 100
658 546 1196 30.305356485837905 32.0 100
659 547 1196 8.311689781169974 nan 100
660 548 1197 24.642423025631864 nan 100
661 549 1198 43.89351252370027 32.0 100
662 240 1199 5.626073015229934 nan 100
663 550 1200 5.777933197462609 32.0 100
664 551 1200 13.134617405794137 32.0 100
665 552 1201 36.05732067718837 40.0 100
666 553 1202 11.33124094933491 nan 100
667 201 1203 11.307294316815435 32.0 100
668 554 1204 36.810733149247945 32.0 100
669 555 1205 11.342151327815822 nan 100
670 556 1206 29.177877243195137 32.0 100
671 557 1207 6.586966597994281 nan 100
672 558 1208 51.9975221330332 32.0 100
673 559 560 21.44999333620205 32.0 100
674 560 1209 13.744449802549337 nan 100
675 561 1210 6.95423477036245 nan 100
676 562 1211 9.123267888260406 32.0 100
677 563 1212 8.328997788478286 nan 100
678 564 1213 13.426974064333525 40.0 100
679 565 1214 15.162594831871155 32.0 100
680 566 1215 7.963716340892795 nan 100
681 567 1216 10.88778731564009 32.0 100
682 568 1217 10.365955124666442 nan 100
683 569 1218 7.565159178416926 nan 100
684 570 1219 9.403782370135668 32.0 100
685 571 1220 18.77326821402096 32.0 100
686 572 1221 17.661683765438582 nan 100
687 573 1222 14.398433276608662 32.0 100
688 574 1223 40.776823883287655 32.0 100
689 575 1224 8.403368497822015 32.0 100
690 576 1225 11.133294766682303 nan 100
691 210 1226 2.8994580919646493 32.0 100
692 577 1227 17.9863106253999 32.0 100
693 578 1228 4.117345303101226 nan 100
694 579 1229 13.200970777456238 nan 100
695 580 1230 35.30768138068453 32.0 100
696 581 1231 6.865755854563026 nan 100
697 582 583 12.231307981411833 nan 100
698 583 1232 10.202904460669995 nan 100
699 584 1233 5.891755599359198 32.0 100
700 585 1234 8.396642587319398 nan 100
701 586 1235 2.2253958121060515 32.0 100
702 587 1236 3.6998287712032836 nan 100
703 588 1237 14.29107748622219 32.0 100
704 588 1238 16.12234992137526 32.0 100
705 589 1239 4.448573902428648 nan 100
706 590 1240 27.61780114503728 32.0 100
707 591 1240 8.077586165332551 nan 100
708 592 1241 22.467991833687947 nan 100
709 593 1242 39.37298262612103 32.0 100
710 594 1243 39.860943836254116 32.0 100
711 595 1244 42.64429434391154 nan 100
712 596 1245 31.221825718063826 32.0 100
713 597 1246 5.612381929301376 nan 100
714 598 1247 15.37847864090995 32.0 100
715 599 1248 12.450179750052953 nan 100
716 600 1249 7.504559446330255 nan 100
717 601 1250 5.186816896701298 nan 100
718 602 1251 8.601115090512186 50.0 100
719 603 1252 18.405944399945806 nan 100
720 604 833 10.60861104047943 20.0 100
721 605 1253 4.494789959381857 nan 100
722 606 1254 27.64548547942757 25.0 100
723 607 238 44.388110486550076 50.0 100
724 608 1255 15.201404255977112 nan 100
725 609 1256 4.960503971252409 nan 100
726 610 1257 37.599476906232866 32.0 100
727 611 1258 29.86573189009046 nan 100
728 612 1259 5.102482858390039 nan 100
729 613 1260 38.645391899499465 40.0 100
730 614 1261 5.471402708370242 nan 100
731 615 1262 11.256515387727752 40.0 100
732 616 1263 3.2412757061380613 32.0 100
733 617 1264 35.51050307241668 40.0 100
734 618 1265 4.135579344768818 nan 100
735 619 1266 17.641765273521145 40.0 100
736 620 1267 21.85391916531911 25.0 100
737 621 1268 8.851551808518897 32.0 100
738 245 1269 2.0770344306102433 32.0 100
739 622 844 18.61763315882518 32.0 100
740 623 844 24.521413444345267 32.0 100
741 624 1270 56.776699028543966 40.0 100
742 625 1271 18.822897599841315 40.0 100
743 286 1272 57.018819813094495 25.0 100
744 626 1273 10.219281257661333 nan 100
745 627 1274 32.76432315464886 40.0 100
746 628 1275 40.194862131045944 32.0 100
747 629 100 40.32265755292999 40.0 100
748 630 1276 7.364909479098256 nan 100
749 631 1277 7.32102532271554 nan 100
750 632 1278 25.880064907497026 32.0 100
751 633 484 37.26372202853489 nan 100
752 634 58 12.051842580664172 32.0 100
753 304 1279 13.279761468124915 32.0 100
754 635 1280 6.919351023072705 nan 100
755 636 1281 34.334361423959564 32.0 100
756 637 1282 21.231409565496357 nan 100
757 638 1283 28.850468344755978 nan 100
758 639 1284 9.011697517201993 nan 100
759 640 1285 27.033796335022306 32.0 100
760 641 642 17.572548748531798 32.0 100
761 642 1286 14.605883536045427 nan 100
762 643 1287 21.295112096084935 32.0 100
763 644 1288 17.221155989344975 nan 100
764 371 1289 17.86413317563014 150.0 100
765 645 1290 21.1457803301456 40.0 100
766 646 1291 16.823226149454083 nan 100
767 647 1292 49.20771157967634 32.0 100
768 648 1293 6.850027993213143 32.0 100
769 649 1294 13.046995288679637 nan 100
770 649 1295 23.02792372483249 nan 100
771 650 1296 10.887495017100333 32.0 100
772 651 1297 36.02753764279689 40.0 100
773 520 1298 3.0965138090759794 25.0 100
774 652 1299 7.716680071734707 32.0 100
775 653 1300 6.8902539415365975 25.0 100
776 654 1301 13.102110129601078 nan 100
777 655 1302 9.33229433806488 32.0 100
778 656 1303 8.838531528645706 32.0 100
779 657 1304 11.492808190515161 nan 100
780 658 134 30.017113506055207 32.0 100
781 659 1305 32.24721526524651 32.0 100
782 660 1305 7.977904371289827 nan 100
783 194 1306 16.780857149800344 40.0 100
784 194 1307 9.946665827738528 32.0 100
785 661 1308 66.55529295093005 32.0 100
786 662 1309 28.717588099135572 32.0 100
787 663 1310 29.41577372443363 32.0 100
788 664 665 25.71311721705824 nan 100
789 665 1311 2.0375227629012813 nan 100
790 666 1312 11.989545660851999 40.0 100
791 667 1313 117.22938792929304 nan 100
792 668 1314 38.699688741781834 40.0 100
793 669 1315 104.96930432918688 40.0 100
794 670 1316 28.61934403743971 40.0 100
795 671 1317 20.355646671204408 32.0 100
796 672 1318 4.414621058999344 32.0 100
797 673 1319 12.442485911189994 32.0 100
798 483 1320 36.42494908363109 40.0 100
799 304 1321 50.252519339369094 32.0 100
800 674 1322 7.518050720096214 40.0 100
801 495 1323 11.010147534592805 32.0 100
802 675 1324 11.296426203940333 nan 100
803 676 993 9.06968341845756 40.0 100
804 490 1325 11.645934948760189 32.0 100
805 677 1326 46.95817803579038 40.0 100
806 678 1327 8.906066273872623 32.0 100
807 679 1328 6.987506426200143 32.0 100
808 680 1329 22.40980856201497 50.0 100
809 681 1330 5.368199001609653 40.0 100
810 682 1331 6.953672488257855 nan 100
811 683 516 9.659010196419814 32.0 100
812 684 1332 2.2015292953966186 40.0 100
813 685 1333 13.496671947082866 32.0 100
814 686 1334 26.4863922621704 32.0 100
815 454 1335 12.632855928561678 32.0 100
816 687 1336 16.017414896665258 32.0 100
817 688 1337 19.70438773684421 32.0 100
818 689 1338 117.84412218668419 32.0 100
819 221 1339 49.49190492151894 32.0 100
820 220 1340 29.40236183149759 32.0 100
821 220 1341 14.1269664052837 32.0 100
822 690 1342 8.80531706636925 nan 100
823 691 1343 9.167810779620755 nan 100
824 692 1344 27.099157628863182 32.0 100
825 693 1345 30.9273676107483 32.0 100
826 666 1346 52.754434152701 40.0 100
827 166 1347 9.09297490690694 32.0 100
828 694 166 10.440085374739073 32.0 100
829 695 1348 20.931122567453585 32.0 100
830 696 1349 33.21756351945981 32.0 100
831 697 1350 28.910061201409437 nan 100
832 698 1351 8.267116574886028 nan 100
833 699 306 63.71147987624566 nan 100
834 700 1352 3.3406873463377824 25.0 100
835 298 1353 3.83720192298678 nan 100
836 298 1354 10.326475076139259 nan 100
837 701 1349 31.31395515195707 40.0 100
838 702 1105 15.997102523217734 nan 100
839 703 1355 12.26265176830682 50.0 100
840 704 705 32.89447444193461 32.0 100
841 705 1356 8.009967449958946 32.0 100
842 706 1357 14.129587284850057 25.0 100
843 707 1358 4.142012702276361 nan 100
844 708 1359 29.240717194692017 nan 100
845 709 307 9.127493787641516 nan 100
846 710 1360 38.589991372903384 40.0 100
847 711 1361 33.94328261107437 32.0 100
848 712 1362 5.482924853810571 40.0 100
849 310 1363 16.10015754027318 40.0 100
850 713 301 22.12940286096763 nan 100
851 301 1364 25.657108560285423 nan 100
852 714 1365 43.723244771054006 50.0 100
853 302 1366 42.34126246144464 40.0 100
854 715 1367 60.920416688318475 40.0 100
855 716 505 16.281748481119486 40.0 100
856 717 1368 6.290037454410825 32.0 100
857 2 1369 26.934375904996024 nan 100
858 718 449 35.05413585459726 40.0 100
859 719 1370 12.17897451246782 40.0 100
860 720 1371 33.68820826223424 nan 100
861 721 1372 17.81524237919216 32.0 100
862 305 1373 17.486716281035903 32.0 100
863 722 1374 49.84486880306211 32.0 100
864 723 1375 37.65239671013878 32.0 100
865 724 1376 15.973477054144407 nan 100
866 725 1377 3.2658642876633026 32.0 100
867 726 1378 26.424764520082114 40.0 100
868 727 1379 6.767366707370087 nan 100
869 728 1380 66.06134963211238 40.0 100
870 729 1381 2.6361507035331706 32.0 100
871 730 1382 10.814266075834126 nan 100
872 731 1383 16.048854065955087 nan 100
873 732 1384 17.58560374518552 nan 100
874 733 1385 8.66350456727588 32.0 100
875 734 1386 11.063742707540824 nan 100
876 735 749 93.7476655847618 nan 100
877 736 1035 2.2378866280569625 32.0 100
878 737 1387 56.08850158490716 32.0 100
879 738 1388 10.51588542485932 40.0 100
880 739 1389 23.62150222247852 32.0 100
881 740 1390 56.70181168512005 63.0 100
882 740 1391 8.852774113763985 40.0 100
883 279 1392 13.977467927454045 40.0 100
884 741 1393 4.247601434338618 nan 100
885 742 1394 54.23339581388112 nan 100
886 743 1395 14.554155459200661 nan 100
887 744 1396 32.23861379806381 32.0 100
888 745 1397 22.786390286749274 40.0 100
889 746 1398 16.656483979345534 32.0 100
890 747 1399 14.752575804021529 32.0 100
891 748 1400 2.1730728632153284 32.0 100
892 749 1401 16.32758936036071 40.0 100
893 750 1402 70.26608703657372 nan 100
894 751 1403 14.816764185640507 32.0 100
895 260 1404 54.24552332586285 32.0 100
896 752 1405 7.674683749490811 32.0 100
897 753 1406 12.36429451673866 40.0 100
898 754 1407 141.63532429011218 40.0 100
899 755 1408 188.4393126610931 40.0 100
900 756 1409 99.25267728618755 nan 100
901 757 1410 42.73638362589779 40.0 100
902 461 1411 56.827894264081884 40.0 100
903 758 435 23.41706691461257 50.0 100
904 759 1412 26.55225674149088 40.0 100
905 260 1413 60.147341155193914 32.0 100
906 760 1414 35.39355749534532 40.0 100
907 761 1415 14.955188974722422 40.0 100
908 762 1416 188.47101801330092 40.0 100
909 763 69 25.991151075101197 63.0 100
910 764 1417 66.75741182169945 nan 100
911 765 1418 47.10469238380054 40.0 100
912 766 1419 21.470347588308307 40.0 100
913 767 1420 24.060626890634474 nan 100
914 434 1421 10.784143419250462 40.0 100
915 443 1422 8.106560773633936 32.0 100
916 768 1423 45.852961507278266 nan 100
917 769 1424 118.44049228967188 32.0 100
918 770 369 67.12441973976871 nan 100
919 771 772 18.636613311281213 40.0 100
920 772 1425 42.819641892935344 40.0 100
921 773 1426 118.28790141396813 110.0 100
922 774 1427 1.2628575631199523 nan 100
923 775 1428 18.900685439005375 nan 100
924 776 1429 8.706172490799608 40.0 100
925 274 1430 35.36395271242812 nan 100
926 777 1431 28.990103023097245 nan 100
927 778 1432 18.336236507941404 nan 100
928 779 1433 58.48461724929094 nan 100
929 780 1434 18.353812999500708 32.0 100
930 59 1435 34.04317442802284 40.0 100
931 781 1436 9.612056455864435 32.0 100
932 782 1437 37.416939570372016 32.0 100
933 783 363 34.93181034290451 40.0 100
934 784 1438 10.629975949570557 32.0 100
935 785 1439 99.90895944223944 nan 100
936 786 1440 17.44256232450142 32.0 100
937 787 1441 5.574732259416177 32.0 100
938 788 1442 92.61570613826021 40.0 100
939 421 1127 155.5944031503374 80.0 100
940 789 1443 7.762834543549667 25.0 100
941 790 1444 27.122467325645765 nan 100
942 791 1445 5.0995840647252 nan 100
943 792 1446 36.84617088151395 40.0 100
944 793 1447 44.10136016870161 40.0 100
945 794 1448 46.6731133890916 nan 100
946 795 1449 57.480061830293366 40.0 100
947 796 1450 54.08604693710896 nan 100
948 276 1451 17.389570356683514 nan 100
949 276 1452 4.3874338346172745 nan 100
950 797 1453 27.68618320482225 32.0 100
951 798 1454 10.210543340638644 nan 100
952 798 1455 14.06569636579897 nan 100
953 799 1456 62.59919404334175 nan 100
954 800 1457 45.00061970557973 32.0 100
955 801 829 14.342161764451356 32.0 100
956 273 1458 1.5735816863357832 40.0 100
957 802 318 21.86608950946716 nan 100
958 803 1459 12.692118904067321 nan 100
959 804 467 16.57597618189294 nan 100
960 805 1460 68.00938645282557 40.0 100
961 806 464 14.36242825963993 nan 100
962 807 1461 4.488634654824395 nan 100
963 808 1462 25.50209813564062 40.0 100
964 809 1463 50.59715752761752 32.0 100
965 810 1464 167.66237758186824 40.0 100
966 811 1465 23.79402190869244 50.0 100
967 387 1466 169.01319046522943 40.0 100
968 812 1467 50.4626039839595 40.0 100
969 813 1468 8.12082782229416 40.0 100
970 814 1469 1.6418896157308591 nan 100
971 815 1470 12.411722388497067 nan 100
972 816 249 136.76048216546852 50.0 100
973 817 1471 14.704533078322388 32.0 100
974 818 1472 9.258997115459598 25.0 100
975 390 317 469.3005200356445 100.0 100
976 317 774 213.2087163474711 100.0 100
977 819 1473 15.06412938105299 32.0 100
978 820 1474 25.28721737378712 nan 100
979 821 51 139.61426005590204 90.0 100
980 822 1475 39.866256020287764 32.0 100
981 823 1476 104.64711549727441 110.0 100
982 824 1477 8.34722221704164 nan 100
983 825 826 29.18107529337172 nan 100
984 826 1478 279.17325898134357 nan 100
985 486 827 52.91899406757622 100.0 100
986 827 487 19.670114325741356 100.0 100
987 828 449 112.98588469626401 100.0 100
988 829 1479 76.88180661911613 32.0 100
989 830 835 60.14663760133702 150.0 100
990 769 1480 1.087174141137738 100.0 100
991 831 832 70.63959407509279 150.0 100
992 832 365 81.29658493013818 150.0 100
993 411 832 261.7902291108226 100.0 100
994 828 832 5.008421223967312 100.0 100
995 833 549 64.37337985448659 110.0 100
996 362 833 0.5689007613972057 110.0 100
997 834 430 23.79517351562373 nan 100
998 516 835 40.924514717565536 63.0 100
999 835 1072 29.53102808704729 150.0 100
1000 836 1481 12.447559041760373 40.0 100
1001 442 131 16.847096392408254 nan 100
1002 438 122 94.39312244727185 160.0 100
1003 837 1482 7.1747439682681415 40.0 100
1004 838 1483 14.450602260158519 nan 100
1005 839 494 2.504406625505389 32.0 100
1006 840 1484 50.57114224282243 80.0 100
1007 841 1485 123.95842716253918 90.0 100
1008 479 485 90.27228343138415 110.0 100
1009 17 378 379.1490388501228 100.0 100
1010 842 322 108.78203774193605 nan 100
1011 523 1486 144.58835894268626 80.0 100
1012 843 830 72.40766740347362 nan 100
1013 445 446 141.04132092941984 110.0 100
1014 844 27 62.1569417521544 32.0 100
1015 461 879 187.32803511162362 100.0 100
1016 427 1126 102.41872317717757 150.0 100
1017 60 879 67.83311354876373 100.0 100
1018 666 665 115.93169734277103 40.0 100
1019 845 1487 33.67158889048292 32.0 100
1020 846 1488 21.7242836149163 nan 100
1021 847 846 7.316036565212942 nan 100
1022 846 1489 57.11917015530386 nan 100
1023 848 1490 49.77746050501349 nan 100
1024 849 1491 12.264643489383161 nan 100
1025 850 458 42.382611932051205 nan 100
1026 851 1492 44.84899198070911 nan 100
1027 852 1493 41.76261838005421 nan 100
1028 853 1494 23.74445126580447 32.0 100
1029 854 1495 62.809933528292966 40.0 100
1030 855 176 39.068083293298706 40.0 100
1031 856 1496 31.958430819345722 63.0 100
1032 857 377 42.89327435274457 160.0 100
1033 858 1497 43.8909751131445 40.0 100
